186018088
67202951
110616817
135274308
194558705
103114385
195890829
153723514
120244766
169132168
100770285
20780487
98063365
127600487
211039047
188981607
209119869
187238174
203348484
89538561
103036233
102302929
36862531
177430984
149607268
125972011
202874905
159062328
61475595
145841854
5985576
198751097
99717038
98541745
69171759
107220488
151271852
43180708
198864827
16860524
133671977
217821210
158259237
54318105
10178520
150283019
53653086
178217757
35219449
181491394
97676293
194757774
46169894
35426166
12753392
139383957
225312955
194975931
41744205
193605323
195667868
171558403
205467670
117738000
157533674
25510508
146737228
185778004
1722719
75051087
22218303
197867353
122511212
166692278
101484164
77841887
201391356
51797615
155174150
143010528
221777283
112296032
130662237
119441721
175884824
42322697
50124337
16443780
190420482
34158863
83212183
196352518
125851430
77956259
200762008
185236592
216790025
202583430
72896509
36373125
79700340
225482813
97110643
81642648
40510323
47208852
30093456
72068700
77697707
56063509
86878282
48125629
110306164
114167648
12786453
200267588
101312445
