5970338
5538283
1433843
2320440
2320871
3694522
3586373
4942585
628555
628614
2551737
4716429
869488
2905423
204547
5691893
3297894
4469042
4469491
607457
3652488
4762190
5535452
585252
3168810
3546568
559988
567237
4939000
2559674
2559735
3242973
3663382
4495798
2498722
2670858
2677622
3212853
3220361
5221757
2697408
4194399
4761323
1892160
1892779
5918272
129065
3335410
252884
3172513
3352046
3352424
3890483
3059160
1166315
1171107
1172006
5081936
5550207
4348565
3565003
3565211
25767
2048422
2085708
2110040
4270142
5588058
5711103
5718721
5718825
5730856
4563216
35094
3335734
5574293
2004110
4215185
1352252
1352881
2078608
3488399
1762938
2656196
5784713
2939728
682676
4325158
4242650
3421955
3531097
853082
443155
1901189
3200152
3208770
420844
1850214
1850411
126061
1852658
2290313
5627333
4899977
2466414
2501115
4409740
266192
743577
3178966
5135927
5620098
4481713
3650006
3977903
4422055
4423931
4867768
5385524
2796879
5084776
5380171
5380325
5071515
747995
1808116
2176448
1341566
1342684
3287245
3119108
2202394
3727684
3853425
3854634
2822519
2822844
3079057
3079298
5020830
3690928
5830982
309424
4090124
924143
4136679
1022550
810265
954909
828974
413724
3160319
2125403
2491083
1788682
1906837
636591
3319341
3328870
4269983
4478019
3970592
1996249
2493155
3462077
3961476
4686444
3980242
4140168
2831475
2860258
2788867
4065587
3521257
5820897
2445662
5500597
2096019
4170560
1044148
5449738
807092
3973337
4052700
4743542
3480677
5910398
5874516
726054
5886483
717586
718921
732345
732964
735486
1134066
2763058
1145619
1548151
1140297
169827
2694681
555149
3157166
3364335
2765475
3744608
1587122
1593027
3031078
196489
471168
800712
1100679
5760999
2515691
3139084
3139309
3139579
4904683
3611530
1051935
2547916
2838776
2841904
2171124
2222128
3055043
3125153
3279646
3279848
5205809
2684048
2952313
3647602
3874667
3982654
2543893
3038601
3093441
4300152
4301376
4431344
4925896
2224786
2225427
4445174
4617634
502325
772341
3404200
3116461
3375585
3386661
3511332
3497659
3996947
5636134
545353
55575
4439631
4622395
116887
2198594
2028076
4936629
4936776
3044704
4845297
1617460
1324279
1637375
3347939
3628084
383721
380117
479645
4629428
299622
300371
5110330
5990518
3931777
5482223
3953311
5824608
5657772
783147
1102042
494497
498443
3834849
493292
2804654
4842956
4843104
2396623
5798524
4805176
3747742
5911065
3164492
3903892
4805556
5996714
1978511
1979373
688102
4530942
5520660
2957301
2654989
3073610
4781136
3294355
192269
3257284
3802210
4293689
5339476
2421138
2968970
5026831
5995362
1805295
409578
4801070
5434342
4180271
4186503
213981
383917
5459556
4581196
5213984
364458
1424688
2368327
2924563
3737653
3110975
3154510
3252284
3731938
5322928
1382306
3302186
3873661
3793088
3795043
3874908
2374201
2573458
2875806
4575990
4690886
2575458
2944109
2962231
4520018
4569161
4989710
4990025
5459833
5585090
1880757
2266940
2854363
1158643
5060581
5062531
1189069
4107526
4675190
214575
1589039
1235290
361313
379714
1836609
5682526
2136195
2312244
3735321
4548466
4549111
4745866
5480945
1580917
250851
582127
2718206
5608615
1064108
5614604
894988
1589632
2664785
3740884
384246
1654762
5904416
5907392
2748615
3368229
357016
689730
5053947
5054682
5055083
5227
30902
3185390
4302802
4209686
1398514
2563226
5569751
5701564
1599116
5079530
3470
2118885
2463860
4016641
5227661
1890404
3276206
3021101
4222323
4226160
4235921
2728177
2157297
4229117
4287644
2703357
5410956
318783
4252474
510596
676712
694470
529217
2079338
3655908
3658489
235575
2569965
2570014
4364844
4304687
4940372
4556254
4914701
1217709
1174171
1178099
3716821
4542586
157195
1305355
1078428
576159
1406299
583495
4891813
4892141
2065236
170129
1456914
3016129
4253540
896441
1967447
38803
4583044
4583222
3062824
1268872
1270611
1279549
1279563
1467368
3596490
148717
3332986
5736522
5593384
2265760
3330913
133009
1416800
5595564
4321249
4557380
1461025
2324152
2619112
3589769
3560713
5574803
2368260
945466
1454853
2558589
5625781
2271730
3515624
1591245
4932019
4312644
1439045
5591570
5591909
5587217
3973610
2611244
5440213
4215303
4992521
5428275
5772684
5426320
2897013
1437528
1782653
5075934
5209005
5795911
653535
1473975
4702769
1247536
1677284
1212472
4807526
2556298
1441436
1444479
1445062
3415054
5756857
121154
3430392
2322845
5998872
2712248
2387528
2775184
4293428
5516500
4010748
3718230
4133212
856867
857120
5749080
5234130
5234918
4476495
5085520
5183259
2160365
2164442
4531624
2465491
4164769
463770
2647002
2912822
2258381
1859033
5279053
5279876
5280222
4131096
5251298
5252289
5217246
3188372
516540
4533200
205915
85994
3676960
381657
4912705
4380387
2101405
162740
851490
5891636
4355393
2670087
2691316
2692134
5526904
97652
523387
1245004
4468151
3652896
3722260
5688762
5705244
5222365
2165907
2935982
4362611
4363558
933330
2361211
3293274
3705745
3307026
3667127
4752571
5918943
465476
