7304606
1820799
2201663
2217809
2803995
2841613
2841853
2847560
2864348
2885671
2951233
3979781
3979997
3983164
4054061
4065022
4084423
4085459
8784745
6212553
6456446
6475892
6476083
6505238
4095096
8817639
8859204
8190807
2125224
2125601
3951338
3079961
8626203
8701810
8853795
8854127
4725187
7630355
8063842
8661800
2587916
3433422
3047505
3431274
3598993
3599487
8345038
8472203
2317928
2797446
3039110
3410493
2450445
440732
3074094
3552492
5485140
5491277
2354399
5863612
4251456
8615544
6145579
2089527
3197620
3197637
3569598
7813019
7423299
8745092
2267119
2269911
3939104
2028417
5951774
5952027
1409703
1425043
1714989
4074266
6650575
283622
6684070
8628997
8802834
3625983
5145985
266644
287536
4213741
4213755
1413595
1414496
4079457
2438496
2219388
6859685
7342325
251759
275360
2053800
6484768
6660420
607196
5713143
6682160
6682302
602292
1289332
1719922
6451860
305092
4067852
5919520
1436033
271896
7694962
7339202
296285
1428562
6654800
319529
1821987
5075153
267697
1599805
1707630
314374
1436726
1698080
3799567
320301
3798467
6454225
259097
3200205
3201045
6662013
7695997
1839692
1841265
2211913
5945282
5949986
284418
287123
1805473
1805664
4075448
194821
194851
6674457
6676506
5930798
3931050
3931528
2123804
2788472
85948
3843216
5943601
6460012
6686688
6686807
6686810
6899788
1309917
5744030
2441193
2441366
3994246
6504959
623024
6884514
6650003
1415697
1431507
6522169
6877031
1566524
5745939
2437511
5909248
1704704
6679703
3169031
6283777
3904273
7068845
183822
144443
144630
7075894
4750789
5099778
1592298
1596000
2884894
3788572
4794566
2927744
3756688
6871723
4731225
1586962
1570605
1582486
1583889
3090361
608753
2846504
1287588
2844105
6507717
6895457
6897946
6089340
6252052
6252164
6258257
6892113
3984671
128643
1578891
111893
1571930
5062709
5722727
6856326
146063
635710
1835947
6888566
4189647
4362657
6096291
6096715
6283408
7085273
504077
1580036
2221458
8405756
2879491
2895596
6888102
7345216
131577
1566345
6674275
5077619
5077724
5079084
1594285
4363168
5061179
6857640
2864000
2957842
5092123
5733598
4709623
4730506
6502907
2207370
2812913
2892830
4187620
3986423
6859081
1402912
3753932
4162293
4762542
6856758
2950417
3769351
1581746
1837577
4193298
4511605
4712986
4772625
5792289
6514215
6514421
6084387
6265418
1628898
3565330
3293460
3293726
3298594
5579255
2818147
6077679
6095144
6095320
4183455
4505010
134576
195745
1848807
4709487
189447
1980472
1981152
4959228
8449943
7000151
7038392
7236233
7243046
7380699
7394749
7401779
7426468
2554656
2555761
2555797
2557144
2559031
2564634
2571993
2580380
2594591
3702437
3705234
3707895
3715288
3716946
3719083
3722102
2568400
2571006
2577278
3732146
3738604
3740320
3730336
3730826
3734526
7043909
2680957
3025836
3025837
4887533
1341253
7379331
528771
526421
654301
658034
664625
665694
678258
694078
697108
901063
913892
914142
915111
3632075
3639840
6019820
6036025
6039940
6228713
6395732
6821419
6827687
8650020
8655859
8672498
241733
242595
685705
685531
688223
923231
927271
6396154
6817234
6822043
6831097
6833304
6836693
6842857
7441476
7485728
2049173
3599642
4100735
2039402
2709170
3590719
2103362
6249801
6249751
6382839
6383718
6837337
6837464
6837907
6843957
8030893
8036227
674983
681879
945627
2170392
2266964
2271452
3140889
3618898
3619809
3636508
3641978
3649033
5765830
6015893
6017560
6025057
6232516
6235459
6238961
6246062
6386295
7102066
7104167
7105413
7125232
7125413
7555801
205623
219321
1452550
1461309
1494232
2628291
2632600
2638239
2649227
4016525
4026270
4033891
4048775
4049473
3887906
3889134
2961765
2961875
5467680
5468566
4568509
4585915
4587742
4588054
5101179
5113173
5113591
5113968
1462776
1462833
1465846
1471152
1471627
1483747
1484184
3491366
3491620
3499807
3501696
3528473
3534354
3534517
3666198
3666611
3666677
3670173
3672447
3690606
4288381
4933847
4944605
4952687
4968184
4972222
4973341
4988946
5037701
5153637
5168084
5180266
5184617
5205133
5213927
5214959
5220422
5221402
5222121
5242224
5245397
5623421
5624489
5624713
6601650
6615335
6623062
6812790
4529545
6307665
3273830
8901684
6110734
7245640
7246281
7382604
6126462
6716806
6722638
6760139
6762104
6771625
6778320
6792326
6962251
6969204
6976889
6978077
7066255
7169595
7178294
7182169
7183559
7183772
7192878
7192996
7193613
7209301
7215196
7677124
7684669
7693609
7753785
7754588
7754660
7772472
7782767
8224898
8225608
1255202
1255907
1263873
1264492
1355935
1357999
5870608
5872290
3301709
3305797
3306916
4992165
4999433
4999479
7021972
8634591
8634923
2716230
8819585
8820640
2036535
2149447
4850600
6737776
6747225
6998749
7054024
7054591
7055038
7062108
7062263
7062293
24034
26244
544380
548051
587265
588108
870289
873057
879436
891539
891671
896455
899302
951761
952462
965898
966257
982514
983809
997265
998163
998810
1008579
1015092
1026413
1035268
1044734
1150815
1091322
1152447
1155936
1156025
1168008
1178398
1178417
1183310
1184030
1188548
1547826
1549291
1649372
2047329
3259876
8455813
7848507
2573242
7459016
7854259
7930789
2121314
2121440
2136260
2148314
2303360
2304011
2326757
2326859
2342872
2344337
2467224
2467372
2471973
1250518
1250668
1369979
1374299
1377284
1378475
1394768
1395255
1750291
1523505
1534864
1538548
1538873
1540147
1663441
1665554
1666836
1672850
1672998
1682951
1688090
1697658
1756765
1760515
1760589
1769171
1769557
2437169
2523152
2530044
2534391
2543111
2543738
2543899
2545123
2949698
3300485
3170890
3171389
3302559
8704109
8763220
8453099
3322716
3335706
3339455
5881186
5887866
6059522
6064901
6291180
7954195
7958436
7966480
7970146
7977292
7986043
7988757
8173308
8180675
8181045
8187353
8195726
8196490
8212386
8212584
8215240
1650819
1654055
5864913
5875356
5881585
5895791
5895990
5899282
6070544
6074092
7966948
7978545
7986327
7990495
7995219
7913215
8740078
8155072
8186258
8203739
2488781
2492505
2494439
2600188
2618903
2619799
2619810
2626452
2651429
2653623
2655395
2667672
2686278
2697274
2780347
2783965
2791622
3905543
3042555
3050734
3085194
3185482
5500090
3442430
3443411
3446017
3446782
3604745
3808885
3828686
3829619
5682540
5687225
5691404
5693534
5694217
5696348
7647055
8280667
8855224
3614725
5772575
5775057
5776994
5781759
5782877
5786562
5797927
3180446
3199116
3288567
3551284
3561489
3608029
3814443
3815232
3821494
3835104
5602035
5672524
5680826
5681490
5684360
5778433
5779508
5794084
5953801
5969803
5970363
5981526
5985340
5985421
5986893
5996080
3837853
3840236
5600513
5600856
11342
18480
28023
34025
580149
590666
591133
591996
850176
888781
893445
897918
8667174
1118664
3885634
3942987
3944019
3946840
3947083
3954655
3955185
3955687
3958037
3966832
3968198
3970107
3970827
4106627
4107680
4117502
4125968
4141887
4149945
4403544
4414934
4420219
4425887
4436315
4499246
4606126
4606754
4617683
4619790
4619871
4620837
4633855
4635209
4636897
4804805
4804865
4815555
4816574
4817809
4831621
4846195
4858540
5250548
5255071
5307579
5307758
5308359
5311048
5311996
5312667
5337377
5338069
5347430
5351636
4265336
3408794
2736855
5356820
5364137
5367894
5368642
5376423
5377177
5377477
5381147
5383715
5394351
5403005
5408075
5429637
2975777
2987856
2990018
4507813
4508912
4701646
4701708
4711569
4720894
4727293
5438504
5440489
5447517
5516866
5520427
5520456
5531313
5531376
5536743
5548590
5551172
5552975
3893489
5300370
3942612
3961470
4121756
4129979
4422085
5608847
5608880
5608918
5613185
5651794
6102790
4140800
4143360
4409535
4444804
4447538
4498742
4602118
4629465
4645021
5620596
6139924
3935335
8089040
4867977
5252904
5263208
5314386
5344374
5362990
5396021
5398704
5407130
5413109
5415907
5328341
5330056
5336829
5419018
5423449
5428072
5512485
5518378
5524297
5528783
5533420
5535231
5560898
5569107
5593845
5611763
5657257
6151806
6153204
6019419
6021244
6804634
6832894
7107727
7116415
7122896
7123357
6316367
6327676
6334632
6338845
6349719
6542351
6547351
7905167
3714107
7146813
7552403
7553475
7580417
7723367
7743840
7824761
8032219
8033517
8072011
8564231
8564914
5565944
5581282
5594729
5607110
5608395
7846635
8023390
8024443
8647288
8923161
8923450
8927208
8933380
8936613
8969501
8971345
8980962
8981518
8997727
415418
415561
423912
427472
428646
8838171
7462374
7632452
8670877
8591019
6177268
2175648
1193171
1736925
1742386
1744571
1745175
2002488
2015835
2018994
2199822
2179184
2190280
2292649
2373934
2384886
3119397
3872963
3873128
4663148
4545392
4673438
4673829
5451552
6007344
6007389
6305700
6027275
6846036
3427103
3555028
7832111
1813487
8500462
8500898
8002312
8004521
8008365
8008388
8080228
8563188
8575166
8585148
8585564
8587256
8588612
8594405
1343
817381
821598
825055
1195415
1196704
1197822
2317272
7629329
4661228
5149649
2099382
3520405
3539914
3652931
3654252
3658769
3659755
3661051
3669016
3672503
3297281
7807661
3147775
5107463
6165183
7731744
8673273
1076624
3684894
3687335
3688258
3697450
4277134
4279192
4295193
4298342
4916282
4930215
4948604
4969732
4977616
4978366
4985996
4996185
5006921
5178726
5180880
5186823
5187710
5201327
5213519
5248307
6610230
6614653
6616656
6646345
4741587
8607113
2764519
3015332
7262276
2705756
6708582
6714790
6720622
6721629
6725802
6726695
6727116
6727118
6740322
6751358
6763328
6777157
6779845
6786343
6793362
6793569
6797821
6952519
6440337
6442328
7900598
7001732
2280816
2284565
2284732
2293132
2363206
8456795
4581207
3615484
3615520
7933969
8828968
7297126
7351150
7446662
7449575
7454507
7455603
7487450
7487707
7210138
7651847
7675620
7687252
7687277
7774095
7786379
2770203
8124436
7071116
8098339
1376078
1379089
1387795
1393492
1393525
1777526
1780928
1792011
1794677
2523558
2524690
2524980
2528140
2528955
3154019
3159177
3315514
3316597
3321093
3323279
3330649
3337302
3349526
3357370
3377652
8701052
6444804
7399745
6106226
6106801
7936086
2767696
7248747
8709555
2096536
2096994
6122062
7383425
7456085
3055035
7263071
8459980
8265907
113598
118425
147226
2919817
2924595
2930779
2944124
3017623
3402167
5500606
5663011
6118695
7466020
8113147
1966486
1974082
1978782
1992310
2245025
2246086
8271487
8272439
8291106
8293476
8393013
8394846
8399944
1318495
1326694
1326976
1330602
2441585
1856215
1877040
1879387
1879609
1913773
1916463
2040855
3277949
6319612
6825071
745011
1918620
1918635
1928605
1963470
1963650
1975070
1977276
1998226
2223367
2248604
2249426
2249722
2871817
2924620
2925497
2937243
2937426
2964402
2965746
2973958
3204752
7100493
136658
2953889
2954048
6820460
6044753
8630405
7477217
7477600
1623355
2117852
2739811
793924
1051744
1051951
1059637
1067060
1081100
1113811
1115924
1125522
2946878
2948008
3352578
60091
62482
65601
67815
341472
345459
352059
356568
7626277
7837332
7460753
7929125
7929712
367964
382976
455357
480746
487434
494007
494994
499969
704644
728850
732069
732308
732654
753119
769325
775986
798134
1122236
1124562
4824405
402106
754363
754634
755984
761025
761217
757391
8410354
6166241
8080731
8992494
8992751
2185155
2198124
3130211
2273697
2319905
2320912
3931939
4434519
6148487
6110105
4654584
8108056
8900543
1606886
2140597
2713742
5266209
5272549
5275154
5275488
5285073
5131803
5136678
5142830
5144274
5287865
5293883
5812576
5812771
5812956
5841692
6202816
6202915
6204221
6211342
6211763
6213904
6214123
6215485
6226602
6557073
6558320
6573695
8316928
8317353
8323888
8333010
8511728
7558387
7560308
8678855
6359538
8489171
8489368
8519214
8519573
8541033
8767650
8766888
8768212
8776193
8781929
229630
234778
2630615
1450075
8751831
205857
1478149
1480032
1486739
2635771
2636811
2636922
2647376
4004362
4004541
4011686
4011793
2001667
4555756
4572593
4576728
4582931
4584716
4586958
4590432
4597961
4599384
5103856
5110843
5134296
5138723
5140356
5267353
5268524
2578776
2590837
3704472
944546
948680
2253763
2446891
8132351
5482561
5482646
5483137
6409731
8044884
8780046
2910435
4486106
4659129
8026751
8641048
89228
5809304
5810587
6351400
6354445
6356591
6357859
6361580
6560675
6591764
6594184
6594347
6597159
8306648
8320155
8325389
8326233
8326521
8331794
7496205
7585451
7589492
7595809
7596220
7602413
7941991
8484552
8485467
8486154
8514105
8518960
8530350
8537512
8689431
8769047
8770947
168361
186810
187596
8710181
8795970
8707341
8707552
8707911
8822518
8863577
8864078
8871562
7938903
411910
4549720
6114379
1437375
1446078
7347113
7319614
7319825
7328370
5084552
5571627
5658505
5721791
5748532
5915710
5924480
5925340
6199094
6420653
6462413
6470736
180717
182500
193572
193761
1284520
1295308
1297018
1415074
1550880
1560444
7707402
8096395
8096492
2094478
3043210
3043284
3054708
3283147
3026415
3026902
3434719
1568211
1573626
7947965
2314561
2828298
2838767
2848025
2859214
2869545
3977008
3998020
3999202
4075644
4161098
6522491
6675595
6676910
190939
264738
264999
303264
303736
320006
328441
4876509
4881403
5069047
5738282
5736374
5776219
5907428
5947587
1846532
1576428
7643787
7643955
7644034
7810344
